3.486618044200000266e-02,3.798370369999999607e-02,4.291015637599999988e-02,4.798088061999998544e-02,5.404632558000000558e-02,6.163696264000000091e-02,6.497734074000000026e-02,6.703720091999999797e-02,6.802833550000000895e-02,6.674392695999999126e-02,6.775161735999998824e-02,6.674537655999999985e-02,6.530563352000000321e-02,6.418724060000001452e-02,6.722290038000001966e-02,6.302986140000001181e-02,6.081169131999999977e-02,5.955528263999999850e-02,5.810699462000000481e-02,5.556594841999999701e-02,5.207901004000001915e-02,4.598686214000000105e-02,4.666168211999999899e-02,4.353912350000000570e-02,3.975189213999999471e-02,3.808746342000000201e-02,3.807563779999998538e-02,3.706863405999998723e-02,3.581375113999999554e-02,3.436523442000000844e-02,3.122108463599999537e-02,3.079574595599999035e-02,2.938209532600000520e-02,2.866172795000001064e-02,2.935127260359999407e-02,2.671821597541999826e-02,2.701828003999999853e-02,2.834320068159999415e-02,2.790237429999999769e-02,3.016410830399999382e-02,3.031784059999999628e-02,3.125541687999999763e-02,3.462860124599999312e-02,4.302696187200001632e-02,4.811515812000000808e-02,3.869888345999998591e-02,1.992622373800000124e-02,1.603820793599999850e-02
4.389213563800000578e-02,4.999809274000000664e-02,5.658195489999999495e-02,6.251480109999998924e-02,7.094451914000000914e-02,7.935226440000001102e-02,8.426376316000000477e-02,8.660362219999999389e-02,8.716476411999997398e-02,8.514167768000001357e-02,8.584831237999997200e-02,8.465415955999999742e-02,8.204063389999999290e-02,8.037010182000001168e-02,8.289054893999998896e-02,7.879997261999999170e-02,7.713523876000001611e-02,7.599464415999997169e-02,7.473762519999999077e-02,7.213562019999995856e-02,6.799468994000001931e-02,6.090072627999999766e-02,6.022285472000001721e-02,5.589744568000001163e-02,5.074851987999999536e-02,4.800102240000000270e-02,4.718048093999998444e-02,4.541450498000000613e-02,4.413627621999999945e-02,4.210075381999999616e-02,3.838165277999999042e-02,3.788108824000000624e-02,3.620140073000000652e-02,3.583091733599999551e-02,3.599113468000000177e-02,3.293640130399999588e-02,3.346427920399999700e-02,3.336837769999999315e-02,3.237449647419999438e-02,3.319458013999998514e-02,3.181137092000001221e-02,3.197769161999999832e-02,3.627807632999999199e-02,4.499443058380001026e-02,4.790702812000000727e-02,3.963996845999998714e-02,2.146446230879999958e-02,2.007682790600000267e-02
5.570854167999999412e-02,6.214920032000002120e-02,6.937095633999999789e-02,7.424026511999999578e-02,8.554084784000000330e-02,9.458923327999999020e-02,1.008215332199999675e-01,1.033286287199999681e-01,1.036233517199999926e-01,1.014117428399999854e-01,1.017460630999999921e-01,1.005390167199999851e-01,9.678192173999999870e-02,9.462829597999998510e-02,9.682113681999997279e-02,9.249313334000000553e-02,9.108917228000003308e-02,8.966583223999999297e-02,8.816307072000002798e-02,8.534553515999998563e-02,8.089805611999999202e-02,7.373786919999998635e-02,7.178298948000001733e-02,6.631263725999998748e-02,6.043090824000001138e-02,5.691680910000002092e-02,5.522666931999999779e-02,5.260215758000000297e-02,5.050468442000000807e-02,4.818824764000001482e-02,4.422767643999999526e-02,4.293968204000000316e-02,4.087303159399999913e-02,3.999687195599999773e-02,4.058616647600000321e-02,3.832214349599998016e-02,3.846054075199999145e-02,3.803153997799999658e-02,3.631347658600000278e-02,3.650421140599999920e-02,3.411079416000000614e-02,3.360847469400000953e-02,3.738784805999999933e-02,4.330245981799998867e-02,4.749473599600000789e-02,4.024688741999999514e-02,2.430473332280000398e-02,2.408317577080000202e-02
6.278259289999998938e-02,7.064369187999999800e-02,7.927284253999995756e-02,8.373619082000000047e-02,9.765441910000002834e-02,1.071075440200000423e-01,1.132503508400000275e-01,1.158145904999999948e-01,1.159116362000000011e-01,1.137455746799999889e-01,1.143358612800000201e-01,1.126454161000000204e-01,1.092655947800000166e-01,1.067185214200000176e-01,1.084239956399999927e-01,1.040544129999999984e-01,1.017941287799999928e-01,1.008827975400000132e-01,9.915206903999998489e-02,9.650535583999998723e-02,9.163986218000000350e-02,8.429901058000002778e-02,8.190925628000000902e-02,7.558967594000000345e-02,6.904510496000000608e-02,6.450263970000000291e-02,6.237960814000000076e-02,5.939292902000001262e-02,5.659477234000001578e-02,5.423645022000002369e-02,5.037818911999999982e-02,4.884140016000000639e-02,4.674659729999999097e-02,4.541381837999998450e-02,4.581375132399998634e-02,4.312919626000000228e-02,4.268318182619999790e-02,4.204269404799999832e-02,3.988975527999999438e-02,3.941963195199998937e-02,3.639938349800000972e-02,3.622528067999999241e-02,4.035202027999999774e-02,4.518707289799998861e-02,5.198875423999999718e-02,4.493118314399999202e-02,3.012207064600001122e-02,3.027328483400000200e-02
7.656768783999999550e-02,8.517639153999997936e-02,9.316093408000000742e-02,9.822166429999996951e-02,1.130113980800000334e-01,1.215766908800000184e-01,1.251691438200000228e-01,1.271007538799999725e-01,1.272112274400000187e-01,1.253326417199999987e-01,1.258177946400000358e-01,1.247158051800000139e-01,1.219971470200000019e-01,1.194566339199999994e-01,1.209369664400000016e-01,1.165601348000000065e-01,1.147804264000000379e-01,1.136342624799999562e-01,1.117919158599999657e-01,1.089536288400000247e-01,1.037637331600000101e-01,9.684120170000000416e-02,9.394599927999998379e-02,8.726905794000003325e-02,8.026313762000002183e-02,7.463928205999999232e-02,7.173263560000001093e-02,6.797813423999998772e-02,6.445800785999998561e-02,6.117805480000000629e-02,5.733406065999999135e-02,5.527191177999999511e-02,5.315742488000000515e-02,5.136260984000000362e-02,5.139953612000000560e-02,4.975578309600000443e-02,4.955513000899999798e-02,4.865577702600001192e-02,4.650611878400000981e-02,4.585525514400000391e-02,4.295669563199999014e-02,4.291206361999998914e-02,4.623725881999999482e-02,5.100036653999998060e-02,5.718208277999999728e-02,5.019172697200000727e-02,3.408683783600000017e-02,3.388061503921999812e-02
9.066757183999998859e-02,1.003319549400000094e-01,1.092985531400000876e-01,1.173673245799999876e-01,1.368593598399999722e-01,1.481803900000000229e-01,1.539845273999999875e-01,1.588428495799999729e-01,1.594469450000000343e-01,1.590226747400000640e-01,1.576326753400000280e-01,1.575912478000000283e-01,1.547087099999999993e-01,1.510890963999999559e-01,1.507542421999999993e-01,1.453127290000000293e-01,1.432317349999999989e-01,1.402767941999999990e-01,1.363300321999999509e-01,1.335890194200000658e-01,1.279214466199999622e-01,1.223020170600000456e-01,1.172015378199999930e-01,1.092147825800000027e-01,1.021766663999999769e-01,9.636314360000000634e-02,9.163665757999997497e-02,8.678909305999998880e-02,8.277084379999999353e-02,7.909637460000000508e-02,7.525466926000001777e-02,7.090080258000000524e-02,6.828193663999999885e-02,6.622291553999998248e-02,6.449737539999997327e-02,6.277320871000000024e-02,6.242431643200000574e-02,6.033287038000000740e-02,5.773231512566000256e-02,5.576004029799999651e-02,5.178199771999999340e-02,5.133438133199999531e-02,5.500884986000000032e-02,5.951072718599999256e-02,6.470855720400002509e-02,5.916061414999998491e-02,4.326812723200001293e-02,4.361511224339999215e-02
1.118090820000000041e-01,1.224593348799999648e-01,1.324160766799999389e-01,1.407051851400000220e-01,1.621362311199999739e-01,1.698725128999999667e-01,1.712490077799999344e-01,1.732201381999999845e-01,1.719097140000000190e-01,1.699938196000000123e-01,1.674346923999999182e-01,1.669024656000000217e-01,1.636918643999999701e-01,1.595192723999999673e-01,1.592248532000000161e-01,1.534763333999999979e-01,1.513541416000000472e-01,1.484147644000000099e-01,1.448314664199999990e-01,1.424015046000000340e-01,1.379454795600000006e-01,1.327906041400000459e-01,1.284097287200000048e-01,1.196710199399999841e-01,1.115782166600000069e-01,1.048332216600000033e-01,9.975143456000004627e-02,9.383598329999996712e-02,8.896797184000000691e-02,8.455657957999999919e-02,7.992034897999995835e-02,7.533920287999996968e-02,7.228752151999998099e-02,6.998672484000000027e-02,6.834716781999999879e-02,6.618713382800002487e-02,6.500099196800000756e-02,6.296592708105998304e-02,5.933837908000001021e-02,5.671867422000000103e-02,5.317115798199999882e-02,5.450851418199999243e-02,5.852607761999999852e-02,6.132209777999998029e-02,6.854675300000000193e-02,6.339497492857142091e-02,4.425539284693877362e-02,4.399287931959184467e-02
1.195336146800000388e-01,1.296781919199999911e-01,1.397554776200000126e-01,1.476306156400000180e-01,1.681615449999999956e-01,1.760385897400000565e-01,1.763249979999999828e-01,1.785127261999999992e-01,1.764101412000000091e-01,1.742088319999999801e-01,1.711147312000000364e-01,1.696899407999999387e-01,1.654613496000000017e-01,1.608760828000000143e-01,1.601782985999999909e-01,1.548223113999999678e-01,1.526902765999999523e-01,1.499430081999999775e-01,1.471186832000000166e-01,1.451625819999999845e-01,1.413480373000000345e-01,1.361601257199999970e-01,1.318235778400000113e-01,1.238401031000000013e-01,1.152912134200000105e-01,1.082353211800000103e-01,1.030127718999999803e-01,9.710975615999999089e-02,9.227073660000001398e-02,8.764526346000003909e-02,8.357101445999999545e-02,7.897697467999999221e-02,7.602905280000001043e-02,7.324607871999999631e-02,7.099555950000001336e-02,6.856681850199999873e-02,6.740181012799997817e-02,6.478317276199997699e-02,6.149276734000001798e-02,6.068183939999997889e-02,5.759185809999999711e-02,6.115295398000000771e-02,6.813034087999997324e-02,6.757385277999999884e-02,8.030046775510203683e-02,6.631044873727275080e-02,3.783855422500000121e-02,4.109672876739130926e-02
1.239581301999999885e-01,1.342393494400000442e-01,1.442993929199999914e-01,1.518027500799999929e-01,1.731256104999999990e-01,1.805351255799999832e-01,1.798261260000000306e-01,1.816532133999999854e-01,1.797156521999999923e-01,1.770465853999999561e-01,1.736566917999999293e-01,1.715106961999999791e-01,1.670504757999999867e-01,1.619773097999999967e-01,1.607435614000000124e-01,1.549688714000000134e-01,1.520621487999999910e-01,1.493325812000000086e-01,1.464653776000000018e-01,1.452416990000000296e-01,1.414533991999999962e-01,1.365807338000000204e-01,1.327169038599999851e-01,1.248227690999999945e-01,1.166103362599999888e-01,1.093492886000000525e-01,1.047493742800000016e-01,9.909317035999999634e-02,9.376609826000002756e-02,8.911041236000002974e-02,8.522605913999999061e-02,8.067527782000000203e-02,7.751525882000000200e-02,7.424491879999997601e-02,7.212905885600000289e-02,6.912231475800001412e-02,6.698524469800000436e-02,6.561813363999999260e-02,6.264801011400000785e-02,6.252189608400002263e-02,6.218910192000000337e-02,6.754249616599999895e-02,7.399597147999999180e-02,7.315307594000000635e-02,8.531757116170211874e-02,7.144388343121953200e-02,4.497792994166667502e-02,4.686431860222222551e-02
1.275513459400000049e-01,1.378288274200000496e-01,1.485954285600000202e-01,1.567781066200000240e-01,1.766954799799999865e-01,1.840937801999999734e-01,1.824854284000000659e-01,1.841890718000000482e-01,1.816510772000000662e-01,1.783712001999999686e-01,1.743091580000000196e-01,1.714369963999999857e-01,1.671183775999999788e-01,1.611692049999999543e-01,1.596903996000000048e-01,1.537120818000000111e-01,1.506522371999999832e-01,1.483250430000000175e-01,1.450277709999999998e-01,1.442162319999999998e-01,1.404057316000000000e-01,1.359091185999999896e-01,1.322586827000000187e-01,1.242389678000000025e-01,1.161842350799999896e-01,1.089488982799999978e-01,1.037908933199999800e-01,9.892448501999995258e-02,9.384216273999998470e-02,9.006263750000000068e-02,8.650779750000003876e-02,8.194236750000001568e-02,7.922981276000001793e-02,7.596405032799999346e-02,7.394561773000001004e-02,7.077232347000000923e-02,6.836669909800001388e-02,6.673965456200001145e-02,6.418113714399999170e-02,6.399246233799998906e-02,6.559989958000000954e-02,7.083137497400000815e-02,7.595458964000001423e-02,8.448417844897959661e-02,8.693590954545452054e-02,7.082563471212119377e-02,3.985885623999999711e-02,4.635075151142856870e-02
1.313490300800000121e-01,1.401071166199999996e-01,1.508814240400000173e-01,1.595056154800000014e-01,1.794086452000000498e-01,1.864946740000000547e-01,1.849897004000000400e-01,1.856636809999999416e-01,1.827397916000000344e-01,1.788360591999999805e-01,1.741841125999999684e-01,1.710072326000000587e-01,1.659579465999999892e-01,1.600837708000000248e-01,1.584741976000000052e-01,1.528501130000000097e-01,1.500880430000000043e-01,1.474952689999999844e-01,1.441736603999999866e-01,1.430863960000000878e-01,1.399620826000000373e-01,1.351092528800000026e-01,1.311199190200000309e-01,1.233895872599999888e-01,1.154138946799999621e-01,1.083134458599999822e-01,1.030767056399999881e-01,9.797157266000003362e-02,9.450469976000003269e-02,9.023155231999996362e-02,8.672660812000003439e-02,8.224166875999999737e-02,7.911453216898001184e-02,7.602294930000000339e-02,7.378097546599997336e-02,7.016731264599999907e-02,6.797096240000001510e-02,6.590774523800001228e-02,6.330017078799998753e-02,6.371231098000001980e-02,6.541183477999999718e-02,7.443862932000000487e-02,7.720809939999997984e-02,8.649685905979595524e-02,8.267011637499997734e-02,5.587979090310345870e-02,3.264895445454545769e-02,2.957271715517240107e-02
1.301827241200000096e-01,1.387973023200000100e-01,1.500102998800000031e-01,1.586640927000000645e-01,1.781473540000000355e-01,1.851837152000000708e-01,1.837255864000000571e-01,1.846736903999999790e-01,1.811013032000000356e-01,1.778556059999999994e-01,1.738684837999999733e-01,1.703250118000000368e-01,1.642949672000000305e-01,1.584728990000000004e-01,1.567956542000000508e-01,1.509004211999999678e-01,1.477063746000000233e-01,1.450257105000000157e-01,1.413562006999999898e-01,1.407801821600000169e-01,1.384074402199999831e-01,1.337083436199999753e-01,1.299607089000000271e-01,1.223500815800000335e-01,1.153094476399999790e-01,1.082899476600000105e-01,1.031362916200000007e-01,9.785873389999996674e-02,9.458099347999998630e-02,9.047271752000000944e-02,8.642257700000000042e-02,8.195800771399998352e-02,7.840843210799999796e-02,7.459045427999998201e-02,7.239181531999999697e-02,6.756378122000000763e-02,6.486671452799999682e-02,6.400901770600002372e-02,6.183425933400002461e-02,6.260421765599998023e-02,6.525016805220000549e-02,7.263008092000002025e-02,8.353229451020408036e-02,1.035977631319149050e-01,1.066046823333333116e-01,9.775606762499999824e-02,4.461441041500000676e-02,3.796981770799998795e-02
1.266912075800000204e-01,1.354389947799999883e-01,1.468725582600000079e-01,1.550901030200000363e-01,1.741773992000000271e-01,1.808985143999999601e-01,1.799056240000000140e-01,1.808366400000000207e-01,1.775464629999999877e-01,1.748052978000000091e-01,1.711334222000000238e-01,1.682307432000000047e-01,1.619325260000000211e-01,1.564611048000000004e-01,1.546179201999999808e-01,1.488540644999999663e-01,1.451937864400000278e-01,1.429016113199999827e-01,1.389558409599999933e-01,1.392824558199999840e-01,1.366355888599999624e-01,1.316090395600000018e-01,1.286416618400000045e-01,1.211022184999999696e-01,1.143718720199999733e-01,1.065240480800000028e-01,1.016284942400000058e-01,9.640548701999998582e-02,9.304374729999999316e-02,8.814987222000000844e-02,8.458763131999999518e-02,8.025756800000000135e-02,7.763160698800000703e-02,7.428779625999999692e-02,7.250549302000000584e-02,6.736579906600001499e-02,6.388793934599999724e-02,6.352218646860001428e-02,6.155776985400000095e-02,6.227241534999999883e-02,6.441520666399998263e-02,7.279510532000001144e-02,9.577130306808509519e-02,1.019919132954545393e-01,1.218947005357142732e-01,1.070948142631578809e-01,2.848027618666666705e-02,4.497680614499999230e-02
1.220308689800000262e-01,1.318843843999999987e-01,1.432537078599999958e-01,1.516376503400000131e-01,1.704803467000000350e-01,1.763475031400000281e-01,1.757312770400000224e-01,1.764319614799999825e-01,1.735337835999999634e-01,1.709471889999999994e-01,1.673274232000000472e-01,1.647374732000000397e-01,1.589063257999999701e-01,1.540519712000000818e-01,1.523586272200000147e-01,1.469342037000000434e-01,1.432521826200000015e-01,1.411678325200000361e-01,1.362551113200000108e-01,1.365564731399999676e-01,1.332579042400000302e-01,1.286930841000000214e-01,1.248628232400000176e-01,1.181506344799999608e-01,1.116622921000000046e-01,1.038294986199999603e-01,9.906684873999999086e-02,9.427360529999999350e-02,9.094306922000000570e-02,8.580177338000001541e-02,8.243484491999999997e-02,7.821395875999999359e-02,7.556037931199999225e-02,7.180755603600000314e-02,7.119163497799997631e-02,6.732238748140001450e-02,6.340377781599998430e-02,6.350250215416000654e-02,6.276550255399998557e-02,6.273467997000001239e-02,6.401962357999999020e-02,8.595387198541669382e-02,9.741308307872340033e-02,1.041492982522727040e-01,1.245613102307692732e-01,1.242983072266666683e-01,7.468748059375000803e-02,5.397167225000000512e-02
1.164618685399999853e-01,1.253836058000000198e-01,1.373383330800000135e-01,1.452479548600000003e-01,1.638569640999999466e-01,1.689826971400000266e-01,1.688033301600000147e-01,1.691455838400000300e-01,1.674669646399999934e-01,1.648960117799999625e-01,1.617856600000000256e-01,1.601049047999999753e-01,1.543761443999999705e-01,1.502957910799999908e-01,1.482542417599999329e-01,1.442849732200000012e-01,1.408601389199999609e-01,1.378949741399999873e-01,1.325319668200000411e-01,1.319360348599999955e-01,1.293195338999999777e-01,1.241141506999999811e-01,1.203559103800000279e-01,1.140625761200000088e-01,1.082752987799999594e-01,1.010536952400000188e-01,9.639282218000001790e-02,9.216400154000004008e-02,8.852455122000002508e-02,8.313293500000000502e-02,7.991691572400001775e-02,7.610137954600001975e-02,7.378166212000000779e-02,7.054283134400000932e-02,7.030921927359999601e-02,6.807998674339998946e-02,6.469535819400001886e-02,6.531059277399997587e-02,6.586891192399998984e-02,6.515922556799999543e-02,7.389426734897959481e-02,8.765165042499996340e-02,9.547570382765958874e-02,1.029524692418604670e-01,1.261126206185185228e-01,1.293459995777778149e-01,8.337020337857135172e-03,6.508998934000000125e-02
1.116596985200000031e-01,1.189291380200000192e-01,1.298412323400000012e-01,1.367340089800000158e-01,1.536934663600000028e-01,1.580323785599999642e-01,1.585339357399999927e-01,1.580818172999999272e-01,1.572997281600000130e-01,1.551046748200000380e-01,1.528141788999999584e-01,1.518807224599999783e-01,1.474240878399999677e-01,1.438977813399999750e-01,1.426859285800000099e-01,1.389903265199999849e-01,1.358831017400000118e-01,1.333621214599999827e-01,1.277709196200000064e-01,1.272062687599999631e-01,1.250064078800000311e-01,1.201959989600000084e-01,1.167935180199999728e-01,1.113229375200000121e-01,1.044715124199999678e-01,9.843322755999998896e-02,9.279479999999999673e-02,8.806709299999995744e-02,8.526878376000000814e-02,7.955268820199998259e-02,7.671012860799999999e-02,7.383621204400001026e-02,7.184478763600000983e-02,6.851966840599998942e-02,6.874954195599999873e-02,6.733177201600000494e-02,6.511947637599999061e-02,6.620880143799999507e-02,6.682128887800001249e-02,6.636375454199999746e-02,7.258302302857143340e-02,8.169277477083333738e-02,9.779366023404253982e-02,1.047359559048780392e-01,1.271468790249999925e-01,1.301879877999999879e-01,4.923884100000000541e-02,1.763302349130434557e-02
1.047407537000000360e-01,1.113870237800000385e-01,1.218899532800000601e-01,1.269696046799999589e-01,1.426844789400000257e-01,1.472018438999999068e-01,1.486887359200000369e-01,1.481819152199999878e-01,1.473168181200000260e-01,1.460652158199999828e-01,1.447685240600000145e-01,1.444456488200000222e-01,1.399317162600000053e-01,1.369086461599999804e-01,1.363301084599999879e-01,1.331719966400000676e-01,1.301686098400000047e-01,1.285793302599999854e-01,1.223795314599999823e-01,1.215048978800000457e-01,1.190465543199999698e-01,1.142876434799999785e-01,1.114112091999999860e-01,1.063549037599999941e-01,1.004229730999999792e-01,9.566070603999998756e-02,9.083465593999999477e-02,8.599929825999998168e-02,8.261779789999998402e-02,7.601707480000001460e-02,7.225807162180002130e-02,6.998382546860000553e-02,6.732681274941999805e-02,6.455337538399999464e-02,6.469093332599999691e-02,6.428390501400001178e-02,6.336555451620000390e-02,6.535865813399999169e-02,6.722930920800000709e-02,6.822334282800000815e-02,8.085624427916666968e-02,9.186760627083330466e-02,1.039448188702127990e-01,1.098020552200000416e-01,1.289772997958333611e-01,1.213673916666666436e-01,3.640619885749999535e-02,1.662889954166667629e-03
9.913215655999998988e-02,1.045568083000000259e-01,1.141392515399999585e-01,1.183480836999999813e-01,1.329367837999999857e-01,1.359999087399999806e-01,1.369152066200000073e-01,1.369056706400000045e-01,1.366931150800000383e-01,1.369143681400000201e-01,1.353592684800000168e-01,1.359615330400000266e-01,1.323397829400000114e-01,1.295552060799999572e-01,1.290162658799999806e-01,1.258692933600000230e-01,1.222127535199999532e-01,1.212818905999999836e-01,1.160927583600000063e-01,1.149182891399999906e-01,1.119660184399999953e-01,1.075940701000000221e-01,1.046535491399999823e-01,1.003984069800000212e-01,9.399360651999998095e-02,8.961700442000002098e-02,8.542160009999999470e-02,8.112998969999997423e-02,7.712059029999998594e-02,7.107643126599999528e-02,6.715515155600000619e-02,6.569839490000002613e-02,6.360450737599998572e-02,6.209205621000000314e-02,6.316467274125998899e-02,6.345184315599999847e-02,6.269012458199998972e-02,6.688697815999998519e-02,7.051536546500000724e-02,7.246444703000001764e-02,8.589792265208333333e-02,9.635440479999997365e-02,1.068430146717021245e-01,1.136189028216216118e-01,1.198338595909090726e-01,1.047382348500000004e-01,6.404685885000001300e-02,-3.637542324399994833e-03
9.315757748000001726e-02,9.772621174000002686e-02,1.060468290999999758e-01,1.092070007999999814e-01,1.183290102799999799e-01,1.227662661000000488e-01,1.227343749600000311e-01,1.220817558400000280e-01,1.222748565000000148e-01,1.227053076199999815e-01,1.239068608799999832e-01,1.242901612000000128e-01,1.216951750799999954e-01,1.200328071400000307e-01,1.197074129799999970e-01,1.175393681199999873e-01,1.144432830800000134e-01,1.142475133199999937e-01,1.097003935399999686e-01,1.089309692199999929e-01,1.055359655199999830e-01,1.008799744999999970e-01,9.795768736000001753e-02,9.570655833999999751e-02,8.825302160000000895e-02,8.433952326000002109e-02,8.028778038000000672e-02,7.740303085999998556e-02,7.356414790400001014e-02,6.889007554600001804e-02,6.465950004560000464e-02,6.379348759399999791e-02,6.106391908100000654e-02,6.013114917399999676e-02,6.160354611599999641e-02,6.208396898199998459e-02,6.002754185999999159e-02,6.645240770899998872e-02,6.979103096599996447e-02,8.605607343749999139e-02,9.288692472187499993e-02,1.022748946999999659e-01,1.011737985916666555e-01,1.116716539378378448e-01,1.011896137499999765e-01,1.054608659333333420e-01,-1.942580088571428318e-02,-2.075493917391304718e-02
8.928604113999999425e-02,9.208274822000003801e-02,9.854423512000000385e-02,1.003472139200000113e-01,1.078192133800000424e-01,1.115205387200000203e-01,1.108113097800000335e-01,1.102000427200000299e-01,1.104086303399999802e-01,1.106730650600000199e-01,1.126861574600000193e-01,1.124378211999999821e-01,1.114337160800000226e-01,1.100348667200000130e-01,1.105761717400000205e-01,1.083067323399999754e-01,1.056110381800000053e-01,1.057610320000000187e-01,1.023482515599999920e-01,1.001243587800000195e-01,9.775527990000004719e-02,9.350997946000000338e-02,8.969993588000002571e-02,8.726058990000000459e-02,8.051834076000000118e-02,7.770484930000001733e-02,7.348823542000000597e-02,7.110290553999998320e-02,6.712219215599998789e-02,6.357032770800001564e-02,6.003105169800000696e-02,5.973731996399998800e-02,5.663063045399999162e-02,5.722862236800001223e-02,5.969284055999998784e-02,6.063179015000000338e-02,6.035812390000001859e-02,6.681114163799999062e-02,7.001525906600002125e-02,8.771570504374998078e-02,9.283431341666668890e-02,1.021406645583333717e-01,9.743361833191489796e-02,1.199715930000000152e-01,1.011107070956521609e-01,9.931863992857144219e-02,-2.128758223000000102e-02,-6.205399666666666647e-03
8.375190737999997637e-02,8.459411646799998297e-02,9.075088515199998540e-02,9.172340345600002443e-02,9.835090564000001367e-02,1.015759280399999853e-01,9.994445839000000442e-02,9.849761960000001648e-02,9.894485494000000714e-02,9.870437645999999288e-02,1.005253607400000138e-01,1.007836919000000414e-01,1.004666904599999799e-01,9.995620743999998614e-02,1.008466335599999819e-01,9.816017226000001150e-02,9.599472020000002215e-02,9.692001371999997561e-02,9.454963672000001040e-02,9.287651040000000080e-02,9.085998528000001351e-02,8.714736949999998816e-02,8.344902012000000868e-02,8.087486287999999524e-02,7.494422893999998225e-02,7.150245651999999341e-02,6.757629369999999802e-02,6.603111288200000373e-02,6.201942443200000182e-02,6.014801024000002161e-02,5.647689823600000186e-02,5.702583305999999602e-02,5.460159296999999440e-02,5.595199594220000294e-02,5.785224914599998436e-02,5.818740826760000762e-02,5.884338364000001043e-02,6.543808010000001785e-02,6.670837405999999192e-02,9.067018772083335065e-02,9.758098858333334735e-02,1.075325807212500068e-01,1.021851076808510950e-01,1.265157753513513894e-01,7.515843700000000849e-02,3.347996428571430733e-02,-2.260208333333298125e-04,-3.872299250000000442e-02
7.702911387599999105e-02,7.764267016799998589e-02,8.257179226000001260e-02,8.301216107999997984e-02,8.905036918600001128e-02,9.149818427200000215e-02,8.908996641600001876e-02,8.843612646599999239e-02,8.735038746400000664e-02,8.814392074000000632e-02,8.900711076000002164e-02,8.972900388000000504e-02,8.968673738000002005e-02,8.853675839999997077e-02,9.030822747999996125e-02,8.678840607999997736e-02,8.587921132000002344e-02,8.741813648000000547e-02,8.576927202000000916e-02,8.471244828000001892e-02,8.220726003999999365e-02,7.941223141999997903e-02,7.621490472000000405e-02,7.278175360000001259e-02,6.727531431999998757e-02,6.453948954000000848e-02,6.039504985799999670e-02,5.894012452800000135e-02,5.502990706560001444e-02,5.430831908000000041e-02,5.111190797199999247e-02,5.110717771800000336e-02,4.927970887000000799e-02,4.970779421000000309e-02,5.100616453500000924e-02,4.963668817200000971e-02,5.069168101399999793e-02,5.904182422999999791e-02,6.893998765306122434e-02,8.757305131041664970e-02,9.649324426875000027e-02,1.169412486425532027e-01,1.167563544355555843e-01,1.563407619241379276e-01,1.294679643125000168e-01,6.019210690000000724e-02,-3.841957584615385973e-02,-2.834663385999999785e-02
7.209609988000000025e-02,7.266891481800001606e-02,7.667823743399998504e-02,7.662963823399999985e-02,8.117454481400000754e-02,8.320205701200002191e-02,7.980941762999999023e-02,7.884841920940000026e-02,7.662017782810000288e-02,7.672538793199998319e-02,7.701988201199999606e-02,7.843360890000000696e-02,7.707107542000000977e-02,7.571578984000000567e-02,7.695106513999999676e-02,7.454536457999998145e-02,7.438728323999999059e-02,7.638244617999999375e-02,7.598052970000000739e-02,7.508705150000001549e-02,7.403091436000000525e-02,7.152748105999999495e-02,6.882598901999997798e-02,6.483840954000000267e-02,6.081901558199998697e-02,5.776931758200001127e-02,5.499771118400000047e-02,5.421882628200000442e-02,5.064926150399999549e-02,5.122200021319998214e-02,4.695289608600000664e-02,4.773773198999999717e-02,4.513450632599998874e-02,4.573333729119998664e-02,4.573020951899999659e-02,4.410766594599999785e-02,4.534072853600000508e-02,5.512031567799999254e-02,6.950425154285713725e-02,9.222530787111112016e-02,1.065823025333333257e-01,1.184603916170212795e-01,1.257040715431818056e-01,1.590990524827586017e-01,1.486980219999999853e-01,1.265491912222222182e-01,1.347605408333332928e-02,-1.320381208499999889e-02
6.501770033200003629e-02,6.448822001800000314e-02,6.757072425600001153e-02,6.751571623695999669e-02,7.172180127135999173e-02,7.098220809360000771e-02,6.764358518000002096e-02,6.623336766600000647e-02,6.403633109999999629e-02,6.316040022000000975e-02,6.261306766400000223e-02,6.598838800199997856e-02,6.389198305999997662e-02,6.268829331999997700e-02,6.454818718000000788e-02,6.236640928000002776e-02,6.133987424000001548e-02,6.299194325999998845e-02,6.349937444600001202e-02,6.392692560799999313e-02,6.357948308319999464e-02,6.227340696200001774e-02,6.006965623599998250e-02,5.722900394799999846e-02,5.333480839800000539e-02,5.027053835459999176e-02,4.815528869999999295e-02,4.736816396800000439e-02,4.473388666180001111e-02,4.534561160460000295e-02,4.129302974320001041e-02,4.226524356199999610e-02,4.138038623400000504e-02,4.160530098599999477e-02,4.095443716679999374e-02,3.870185881800000671e-02,3.838035582800000678e-02,4.753585836600000836e-02,6.095808342857142459e-02,8.786239580000000660e-02,9.884897822444445314e-02,1.060908054318181887e-01,1.203908470733571490e-01,1.308838417241379171e-01,1.608511130000000455e-01,8.882740617142856343e-02,1.164245642727272829e-02,-1.259858269285714198e-02
5.723037693600001308e-02,5.650543219399999095e-02,5.839179963800002204e-02,5.715103122879998387e-02,5.922866833799998731e-02,5.667221075800000368e-02,5.473228470380000349e-02,5.302886954999998237e-02,5.077873233860001612e-02,4.975013738200002172e-02,5.110855103000000454e-02,5.418785080499999296e-02,5.256050106200001876e-02,5.031364436600000573e-02,5.218711857399997711e-02,5.013145446599998750e-02,5.071357732000000840e-02,5.190399174000001614e-02,5.061141970399999496e-02,5.217399600999999415e-02,5.229614253200000340e-02,5.294845588600000097e-02,5.053306586800000721e-02,4.870178213399999761e-02,4.633979797199999640e-02,4.488258360719999535e-02,4.282852169200000725e-02,4.305397021000000046e-02,4.154907215919999980e-02,4.127288824000001355e-02,3.704902657799999388e-02,3.896575928799998756e-02,3.716598516611000630e-02,3.612838749599999594e-02,3.501197811199999871e-02,3.347328179200000087e-02,3.384605394000000239e-02,4.159484852000000510e-02,6.264893546170210992e-02,8.716193148636362797e-02,9.539725571590908226e-02,1.122765974295454328e-01,1.182758982829268113e-01,1.388156067499999868e-01,1.479797355999999953e-01,5.008888149999999456e-02,7.350159300000008548e-03,2.218246354126666639e-02
4.890663162298000688e-02,4.710250868399998986e-02,4.783065819739999724e-02,4.514732350799999239e-02,4.883895898600000562e-02,4.538986196039999921e-02,4.205062855719999410e-02,4.132278436600000243e-02,3.934112557400000487e-02,3.828285215560000426e-02,3.776283268400000559e-02,4.018417353399999364e-02,3.967536923479999394e-02,3.684402468799999331e-02,3.911056517800000354e-02,3.767738342399998969e-02,3.799560551200000663e-02,3.892044071199999428e-02,3.768119812399998991e-02,3.910331724799999409e-02,3.976165770800001165e-02,4.126670838800000629e-02,4.058265689660000425e-02,3.983757018680000178e-02,3.818885797260001408e-02,3.695526126260000044e-02,3.649536128199999674e-02,3.628814685015999825e-02,3.649063107199999878e-02,3.703254704799999186e-02,3.403022761139999630e-02,3.698013320605399862e-02,3.694046005399999333e-02,3.616981512999999787e-02,3.451110847000000287e-02,3.194984465799999979e-02,3.371170042000001116e-02,3.898513808000000219e-02,5.918187630869566063e-02,8.672968618000004293e-02,9.623379204155553535e-02,1.057268483977272661e-01,1.077795259341463308e-01,1.384074409199999856e-01,1.745192226666666679e-01,1.929855325000000010e-01,6.901423181111113192e-02,8.056395364285716398e-02
3.660430912000000453e-02,3.294151307200000184e-02,3.393760673860000271e-02,3.056648269799999706e-02,3.245925909200000209e-02,3.073112492739999910e-02,2.733955387400000339e-02,2.613319397060000215e-02,2.607513432999999242e-02,2.460937494540000811e-02,2.418960570059999760e-02,2.547409056000001643e-02,2.442481995818000101e-02,2.183074948689999947e-02,2.401611328000000101e-02,2.417076107914000252e-02,2.566642763539999511e-02,2.803955078860000463e-02,2.656318664600000254e-02,2.906578067240001353e-02,2.958847048400000887e-02,3.225250241999998851e-02,3.205787659599999145e-02,3.142936706200000208e-02,3.053253170399999189e-02,2.908103943079999934e-02,2.893074034880000617e-02,2.976821899720000567e-02,3.149726873599999893e-02,3.138595582839999454e-02,2.763679507800000101e-02,3.022933973199999624e-02,2.993072501399999391e-02,3.062492392479999881e-02,2.784828170800000488e-02,2.625267005240000326e-02,2.795425439380000779e-02,3.245796186400000394e-02,5.242231602282609176e-02,8.193113559999998241e-02,9.323229127857143861e-02,9.739536192243902768e-02,1.027516096897436171e-01,1.376434676045454608e-01,2.083980025714285700e-01,1.871215831999999968e-01,8.287286674999999603e-02,6.795145669333332861e-02
2.607284560040000129e-02,2.088340756040000037e-02,2.130920431599999873e-02,1.696624769060000107e-02,1.681465145799999894e-02,1.544692992340000043e-02,1.209571840540000012e-02,1.131431580264000321e-02,1.243354792000000118e-02,1.039703366999999989e-02,1.059432984283999526e-02,1.146316535440000499e-02,1.056648252999999905e-02,7.396469117739998440e-03,1.053337095519999919e-02,1.162788391860000367e-02,1.344024661799999958e-02,1.420982357200000802e-02,1.468910224380000351e-02,1.696685796519999817e-02,1.829399105399999795e-02,2.173828126999999277e-02,2.308799748200000834e-02,2.293189995979999854e-02,2.312446595799999560e-02,2.286300656740000020e-02,2.245391849320000147e-02,2.256423940799999819e-02,2.289520272099999920e-02,2.329040531219999863e-02,2.115707394059999913e-02,2.497779833999999241e-02,2.482727033200000238e-02,2.634582514399999922e-02,2.513473514000000297e-02,2.529457091600000040e-02,2.475433355820000347e-02,2.396906647142857394e-02,4.755653238297873758e-02,7.424613088444445563e-02,8.570090204772727593e-02,8.661015833333333969e-02,9.541368454500001595e-02,1.162163870476190519e-01,1.141956884285714319e-01,1.812181469999999961e-01,7.441547934285715205e-02,6.517283118666666875e-02
1.511787422059999997e-02,7.012786927999999781e-03,7.947921724000000729e-03,3.347625807600001970e-03,1.983718884400000482e-03,2.767182157999986550e-04,-1.974258452799998887e-03,-2.242507973999999932e-03,-7.297516249799986887e-04,-1.537780692799999320e-03,-1.423873901999999411e-03,5.176544140000011521e-04,-1.046066373999999816e-03,-4.864883408200000245e-03,-6.292724818900002903e-04,1.628875667999989043e-04,1.515731836000000542e-03,2.248535167999998318e-03,2.279434202600001333e-03,4.743194538400000854e-03,6.376419051599999804e-03,1.013648990940000001e-02,1.141510011800000134e-02,1.280822758300000086e-02,1.236534117854000414e-02,1.361595155500000022e-02,1.422515867599999893e-02,1.463119504200000032e-02,1.537971495340000397e-02,1.806449894599999537e-02,1.675666823420000548e-02,2.070899966659999966e-02,2.079025261280000036e-02,2.417984007479999711e-02,2.454795846199999201e-02,2.360618598399999435e-02,2.246597289799999453e-02,2.084503166799999904e-02,3.882030728510637435e-02,6.051196242173912526e-02,7.252965667452379583e-02,8.026905078000003135e-02,8.899804400606059485e-02,1.163436036111111099e-01,1.647392281999999764e-01,1.202545171999999801e-01,1.393483488333333298e-01,1.385215765933333343e-01
1.797866623599999941e-03,-7.163925269999998728e-03,-6.596908526000001653e-03,-1.159370418340000160e-02,-1.092376699000000354e-02,-1.396553048540000001e-02,-1.613037125020000059e-02,-1.624305714540000278e-02,-1.295745855838000005e-02,-1.412559511779999839e-02,-1.512123114039999779e-02,-1.286285405199999628e-02,-1.351837153479999547e-02,-1.737113942399999902e-02,-1.278884890819999634e-02,-1.237037657600000007e-02,-1.010208129000000205e-02,-8.982620261199997583e-03,-7.755508423120000341e-03,-5.078201336599998811e-03,-2.418518074579999438e-03,1.263809230830000583e-03,3.202209484200000539e-03,5.122985789999997749e-03,5.891571054999997573e-03,6.277694740199997979e-03,6.849441556400001976e-03,7.905807559200001347e-03,9.428253159599999170e-03,1.124420146540000033e-02,1.037094113499999887e-02,1.421577464180000076e-02,1.394973751799999558e-02,1.755920393799999604e-02,1.879455566000000008e-02,1.917160027999999586e-02,1.973007204799999761e-02,2.289775959795917887e-02,3.201850252708332567e-02,4.908553431086956631e-02,6.032579206888886297e-02,6.994573083170732564e-02,7.672916732515153160e-02,9.689884260500000734e-02,1.523344840000000200e-01,1.131166721428571442e-01,2.160059605000000105e-01,1.504107154333333418e-01
-1.738815317800000010e-02,-2.450172444919999915e-02,-2.390106203999999013e-02,-2.901199342400000852e-02,-2.757713325199999746e-02,-2.932075509159999538e-02,-3.176322933000000348e-02,-3.127586371200001547e-02,-2.830467226000001058e-02,-2.826042174757999181e-02,-2.956504821514000306e-02,-2.734825135320000100e-02,-2.750495915267999608e-02,-3.124923707800000144e-02,-2.655441286020000444e-02,-2.595436092219999963e-02,-2.468627932579999656e-02,-2.196510316160000045e-02,-2.096611022219999412e-02,-1.702194215800000021e-02,-1.290565497499999818e-02,-1.057807921699999848e-02,-6.207504255859999827e-03,-5.950775110000000589e-03,-3.804397610800000148e-03,-3.410415622220001625e-03,-2.560043340000001805e-03,1.341247672800019366e-04,3.041915929999998523e-03,5.638198718000002850e-03,6.027145584199998518e-03,9.966125485999999950e-03,1.110778805394600083e-02,1.564758285200000196e-02,1.506927478399999569e-02,1.536811841799999405e-02,1.632484423359999506e-02,1.587778185918367266e-02,2.880366618416667010e-02,4.110435806195653075e-02,5.257966810444443528e-02,4.867926135952380107e-02,5.376311271290321048e-02,5.298631845454546130e-02,1.214115432346153933e-01,7.296800662499999812e-02,2.339719146666666694e-01,9.941325475294117420e-02
-3.412284854780000404e-02,-4.028671284758001542e-02,-4.062530500720001186e-02,-4.535659784019999835e-02,-4.464241040400000055e-02,-4.646720880799999620e-02,-4.902351388800001153e-02,-4.739479077599997869e-02,-4.447654742480001283e-02,-4.423980707220000197e-02,-4.550994896800000800e-02,-4.333396916060000548e-02,-4.344360337400000188e-02,-4.468078616199999686e-02,-4.039810173379999175e-02,-3.823730455600000272e-02,-3.562103283600000225e-02,-3.289741509780000350e-02,-3.158226017200001234e-02,-2.784347533399999727e-02,-2.450889589799999657e-02,-2.251701349400000302e-02,-1.680053700059999655e-02,-1.689414981140000341e-02,-1.363006584780000578e-02,-1.274086000000000489e-02,-1.072593692525999551e-02,-7.696304290400001955e-03,-4.484023978640000810e-03,-3.515625720000001330e-04,7.438652060000023149e-05,3.132629295999999740e-03,6.681442381999999451e-03,1.031272874039999843e-02,1.322807321399999993e-02,1.216018699840000147e-02,2.141983659085713865e-02,2.271771422477083038e-02,2.119719465586956259e-02,3.107070912304347662e-02,4.157140975065216904e-02,4.936487027272728340e-02,2.933909074333333755e-02,3.112335275000000651e-02,5.078533741428570975e-02,6.944236800000000431e-02,1.257848749999999904e-01,7.351027616666667985e-02
-5.405456562799999809e-02,-5.875068661239999518e-02,-5.935058560800000188e-02,-6.358726506999999584e-02,-6.231162996400001208e-02,-6.200988752027997153e-02,-6.283889775499999775e-02,-6.297012323999999495e-02,-5.924118022940000339e-02,-5.896759045999999671e-02,-6.039215075119998971e-02,-5.801673893739999616e-02,-5.842193626200001266e-02,-5.936843887999996433e-02,-5.417800895400001066e-02,-5.272628797720000510e-02,-4.945243850619998605e-02,-4.535278311739999318e-02,-4.248008729799999245e-02,-3.693733224600000142e-02,-3.201797503679999768e-02,-2.999626153519999172e-02,-2.516372684599999313e-02,-2.479324343399999520e-02,-2.189613328920000240e-02,-1.909263604559999911e-02,-1.756263731236000492e-02,-1.391578673700000039e-02,-1.065574651580000233e-02,-5.660095265000000646e-03,-5.023880019000000891e-03,-1.646423428000001916e-03,1.831741392000000614e-03,4.856262356399998134e-03,6.221008363999996904e-03,8.839492885399998987e-03,1.623760942653061298e-02,1.780732460045833521e-02,1.630449271041665982e-02,2.585764120851064690e-02,1.868779611063830365e-02,2.135314969249999320e-02,1.360862470000000039e-02,-5.204995154166669469e-03,7.880223513333331486e-02,6.195297200000000892e-02,5.936771022222221694e-02,5.332755927444444988e-02
-7.586792010799997543e-02,-7.913017279200001974e-02,-7.922805795800000328e-02,-8.262329103599999613e-02,-8.102165237600000847e-02,-7.867446880560000078e-02,-7.861526509240000793e-02,-7.750175503799999754e-02,-7.569709782200000070e-02,-7.455032346200000937e-02,-7.531349179999999310e-02,-7.231872551999998788e-02,-7.215354915999999674e-02,-7.397148147999998979e-02,-6.708000179999996926e-02,-6.589324930199999542e-02,-6.183761601999997193e-02,-5.709892287000001287e-02,-5.364326478000000509e-02,-4.890777582400000767e-02,-4.535217289400000906e-02,-4.192710866600000280e-02,-3.813529978620001232e-02,-3.587890632880000319e-02,-3.276397712800000611e-02,-2.874893197199999972e-02,-2.567687989200000132e-02,-2.060379037599999880e-02,-1.654640207259999371e-02,-1.084815982800000495e-02,-9.802093460999998162e-03,-6.617736879999999884e-03,-1.430587980399999340e-03,1.012191872840000756e-03,4.490356477599999514e-03,6.750946088000000372e-03,7.391967819999999481e-03,1.137628320612244816e-02,1.067980112291666561e-02,1.368299415106382852e-02,7.151313182608694946e-03,1.089356578292683016e-02,-8.233787874999945119e-04,7.076390614285714420e-02,9.569651312666668797e-02,7.402610740000001299e-02,4.790496899999998476e-02,4.248006686315788927e-02
-8.670623778399999537e-02,-9.347145072799996346e-02,-9.265914933060001579e-02,-9.693862889600002308e-02,-9.588317868100000585e-02,-9.401191708999999397e-02,-9.450202955200001642e-02,-9.357421852600003587e-02,-9.246246401400000370e-02,-8.905654910399997404e-02,-8.901023869999999394e-02,-8.636337311999996158e-02,-8.461868306000001894e-02,-8.572219868000004184e-02,-7.809951771999999737e-02,-7.567138687999999669e-02,-7.034667958000001553e-02,-6.650932326000000283e-02,-6.370582583999999382e-02,-5.800315865000001125e-02,-5.342247013400001215e-02,-4.956665026194599644e-02,-4.663452160999999319e-02,-4.353370677556001739e-02,-4.054542523199999166e-02,-3.549072268720000062e-02,-3.279296871999999585e-02,-2.891052251609000159e-02,-2.313667289600000732e-02,-1.631294243840000074e-02,-1.435974137380000709e-02,-1.310935969660000262e-02,-8.204651015080010462e-03,-5.679397481600003891e-03,1.233978351999999619e-03,2.862625104000001905e-03,2.122497510400000141e-03,7.767279743750001020e-03,1.740152531914932095e-04,-1.888291016532291436e-02,-7.245327482978718842e-03,-1.468242254890908711e-02,-2.418542672258064755e-02,7.159232817916689855e-03,1.190926018235293968e-02,-2.232126084615384046e-02,2.875414800000000021e-02,1.097156665217391587e-02
-1.027036279800000035e-01,-1.075051883152000065e-01,-1.075607297199999840e-01,-1.097787479720000042e-01,-1.097627256119999839e-01,-1.085150142060000295e-01,-1.084219362219999983e-01,-1.061238857399999930e-01,-1.074205778000000139e-01,-1.037316892079999803e-01,-1.024742127199999853e-01,-1.012223049199999780e-01,-9.865440345999998417e-02,-9.946060135999998386e-02,-9.169883747999998946e-02,-8.790008519999997771e-02,-8.094940175999995602e-02,-7.454689008000001116e-02,-7.257110592000001748e-02,-6.688110366799999984e-02,-6.470451368800000935e-02,-6.251777624800000654e-02,-6.028923034199999698e-02,-5.576835646000000146e-02,-5.214897146599999089e-02,-4.472953793440001546e-02,-4.009460449718000447e-02,-3.377372752600000388e-02,-2.869674687999999863e-02,-2.200210585719999945e-02,-1.970672612159999823e-02,-1.626884458359999924e-02,-9.498596065559996443e-03,-1.088081352660000452e-02,-6.103591680999997937e-03,-4.370956205999995334e-03,-7.100296199399998981e-03,-1.227343810285714230e-02,-7.493363929574465426e-03,-2.412287373541667154e-02,-3.198915833191488811e-02,-2.721922155777776325e-02,-2.987065092088234813e-02,-1.768098041481481683e-02,-6.118774484210526277e-02,-4.661737999466666893e-02,-2.079530154545454826e-02,-4.828771095833334255e-03
-1.156963346799999987e-01,-1.216635138400000010e-01,-1.222692867800000416e-01,-1.235745236200000430e-01,-1.234481042599999689e-01,-1.219953922599999740e-01,-1.211795798599999974e-01,-1.187107853399999857e-01,-1.196232611999999695e-01,-1.171041104799999955e-01,-1.151967615199999545e-01,-1.135451503999999889e-01,-1.097527317399999841e-01,-1.091294095000000103e-01,-1.014101408799999993e-01,-9.712600751999998783e-02,-9.066871623999998853e-02,-8.471839903999998922e-02,-8.247932413999999046e-02,-7.541892991800000501e-02,-7.265739450599999205e-02,-7.086776740799999308e-02,-6.832527159199999756e-02,-6.116172770999996761e-02,-5.787231462679999494e-02,-4.996330259000002216e-02,-4.505371107599999425e-02,-4.061965926320001280e-02,-3.554626452000000242e-02,-2.854827867440001832e-02,-2.388504047020000368e-02,-2.167854311600000625e-02,-1.347106924799999772e-02,-1.668322817081633810e-02,-9.812101788367347255e-03,-1.443222021000000257e-02,-2.154579155199999596e-02,-2.667164793749999749e-02,-3.164919234999998693e-02,-3.990173346041667873e-02,-4.962945530425531132e-02,-5.811150141627907662e-02,-8.553176433333334328e-02,-1.053030087620689809e-01,-1.138312021125000156e-01,-1.099546100764705880e-01,-5.573821068750001162e-02,-1.689761001892857439e-02
-1.254412079999999707e-01,-1.305048368800000302e-01,-1.324788665399999898e-01,-1.341254419000000031e-01,-1.341296384799999797e-01,-1.336036679800000071e-01,-1.333509825999999732e-01,-1.291676340000000034e-01,-1.301260380800000060e-01,-1.275683591199999745e-01,-1.253898616000000410e-01,-1.243269348999999774e-01,-1.198455818999999839e-01,-1.191091162200000053e-01,-1.118473810599999868e-01,-1.077989194400000295e-01,-9.949325536000000469e-02,-9.130966208000000639e-02,-8.805282624000000669e-02,-8.321395893999999904e-02,-7.959129355999999822e-02,-7.529212933999998580e-02,-7.602767943999999556e-02,-6.880378744399999469e-02,-6.562118546000000885e-02,-5.957870460400002677e-02,-5.574523955799999542e-02,-5.024970988599999216e-02,-4.547294609999999460e-02,-3.594429028560001266e-02,-3.329376209199999548e-02,-3.016799915999999332e-02,-2.163078306599999778e-02,-2.302527922183672179e-02,-2.418074326836734331e-02,-2.483985876200000067e-02,-3.330863899199999062e-02,-3.989262493204084187e-02,-4.359451937083333450e-02,-5.455655498163268502e-02,-6.635081514340422648e-02,-6.650245466341463130e-02,-1.145093705944444651e-01,-1.079166776870967570e-01,-1.185356490545454444e-01,-1.111502396315789259e-01,-5.971459804117647957e-02,1.021799999999636564e-05
-1.320347593799999775e-01,-1.431156923399999614e-01,-1.437548064599999675e-01,-1.467400361599999759e-01,-1.455025481599999948e-01,-1.465718847000000435e-01,-1.472435760600000199e-01,-1.417285160000000266e-01,-1.415626521999999998e-01,-1.379428871599999995e-01,-1.355397034799999678e-01,-1.339392097200000353e-01,-1.271755215800000061e-01,-1.252117917799999980e-01,-1.187680820800000175e-01,-1.154937744999999932e-01,-1.079335023000000116e-01,-1.018364715399999870e-01,-9.851936361999995284e-02,-9.487129201999998374e-02,-8.764526353999997632e-02,-8.252563432200001048e-02,-8.218231201200000557e-02,-7.275794951999997595e-02,-6.967285141599999232e-02,-6.511863730999997713e-02,-6.140502923599999718e-02,-5.450126634799998954e-02,-4.956367465999999417e-02,-4.414482133199999769e-02,-3.994956967400000586e-02,-3.544052139400000884e-02,-2.512603761800000224e-02,-2.693862929199999923e-02,-2.518791199160000382e-02,-2.632949818200000167e-02,-3.785408033399999955e-02,-4.255473899795919612e-02,-4.512619012000000651e-02,-6.037841808600001581e-02,-7.553341920000000709e-02,-7.985110802222224191e-02,-1.104044797989743587e-01,-1.275808262580645225e-01,-8.852160462962964382e-02,-5.326316497619046353e-02,-1.226531150000000590e-02,3.976788232352940905e-02
-1.510414123400000141e-01,-1.612335202600000406e-01,-1.605455008999999711e-01,-1.613229374999999577e-01,-1.614904786799999936e-01,-1.605142978799999620e-01,-1.619352729999999907e-01,-1.547160336999999775e-01,-1.544432841199999962e-01,-1.511938476000000142e-01,-1.469831089799999990e-01,-1.439070889400000108e-01,-1.367645268600000130e-01,-1.342051703800000440e-01,-1.285559077400000028e-01,-1.250521086400000481e-01,-1.150672149400000094e-01,-1.100396724999999493e-01,-1.069563295200000180e-01,-1.029621889199999890e-01,-9.664337163999998925e-02,-9.063804643400001637e-02,-8.913269080999997040e-02,-7.985916163999996764e-02,-7.617446917399998962e-02,-7.176658616799999613e-02,-6.663070682520001731e-02,-6.126602172599999313e-02,-5.628791820799999152e-02,-4.939865119200001486e-02,-4.550704980046000464e-02,-4.005729685420002240e-02,-2.798248289300001371e-02,-2.813278217960000702e-02,-2.194450412999999350e-02,-3.184042166471429125e-02,-4.173416143200001094e-02,-4.907691951790001117e-02,-5.212242117800000574e-02,-6.824150093399998507e-02,-8.339021661469388225e-02,-9.248169632391300965e-02,-1.090466424487179647e-01,-1.350803379062500142e-01,-7.872023462962962626e-02,-3.312873843333333929e-02,1.397432538095239561e-02,4.717243530235291915e-02
-1.593570709199999824e-01,-1.692367556600000433e-01,-1.738275910200000052e-01,-1.758988951999999606e-01,-1.783909604200000221e-01,-1.791283414999999823e-01,-1.791081228799999425e-01,-1.729523468800000519e-01,-1.690789795800000384e-01,-1.658952327799999849e-01,-1.601360316200000355e-01,-1.556892390399999826e-01,-1.503023524800000399e-01,-1.454517364599999807e-01,-1.388519281000000216e-01,-1.343787380399999731e-01,-1.243760678600000225e-01,-1.204495238599999490e-01,-1.171880340200000120e-01,-1.107257075999999590e-01,-1.046021273600000051e-01,-9.897819524000002478e-02,-9.348709129999996370e-02,-8.515937748000000640e-02,-7.996002194000001451e-02,-7.703674292199999551e-02,-7.297126767843999107e-02,-6.673332228799999655e-02,-6.199913018679999166e-02,-5.279228229999999994e-02,-4.550865200979999775e-02,-4.207206751360000052e-02,-3.155914282619999567e-02,-2.794120803780000134e-02,-2.218330410800000221e-02,-2.948807685471427006e-02,-4.064826969799999190e-02,-4.459495544800003153e-02,-4.622467032200001935e-02,-6.748764007600001336e-02,-8.461130858775507690e-02,-9.118279149173913467e-02,-1.081045284511627930e-01,-1.094070640270270317e-01,-1.004193628322222198e-01,-4.458594999999999919e-02,-1.838457570937500341e-02,1.701767399999999306e-02
-1.726279448600000488e-01,-1.898188020599999581e-01,-1.978755186800000010e-01,-2.010683443600000397e-01,-2.087545013800000404e-01,-2.077752685599999760e-01,-2.095066071999999724e-01,-2.027468107800000086e-01,-1.937166594600000513e-01,-1.901570130000000414e-01,-1.816452789999999928e-01,-1.767613984600000798e-01,-1.701912686800000352e-01,-1.649736031000000047e-01,-1.552413939399999998e-01,-1.525096130999999966e-01,-1.434249871000000676e-01,-1.380960850000000351e-01,-1.330747987000000243e-01,-1.304841616400000126e-01,-1.234243009399999952e-01,-1.187997434200000063e-01,-1.103221892199999637e-01,-1.012890624800000389e-01,-9.390441907799998433e-02,-8.979583722199999118e-02,-8.390502946699998632e-02,-7.852478020999997810e-02,-7.079826367200001136e-02,-5.960807778800002177e-02,-5.405471798940001543e-02,-4.948661817599999541e-02,-4.131576530199999181e-02,-3.711586017580000701e-02,-3.289527904400000452e-02,-3.750091540199999851e-02,-4.866828923800001205e-02,-4.947517385079998331e-02,-5.575164791999998037e-02,-6.521614071999998208e-02,-7.698097998163262734e-02,-8.201972047822223000e-02,-1.049785613108695365e-01,-1.103376387424999799e-01,-8.374178038918919653e-02,-3.653041231428572067e-02,2.294024828567566357e-02,3.885732368571428313e-02
-2.036921690200000079e-01,-2.235530852400000601e-01,-2.357344822399999595e-01,-2.406436919199999025e-01,-2.459215549800000400e-01,-2.506784814000000416e-01,-2.526239006000000065e-01,-2.464643852000000246e-01,-2.337133030000000389e-01,-2.274344636000000808e-01,-2.163426971999999060e-01,-2.111336521999999383e-01,-1.976285554799999677e-01,-1.906039432599999639e-01,-1.807012175600000159e-01,-1.816092675399999801e-01,-1.744310761599999759e-01,-1.687214663999999920e-01,-1.621501160999999636e-01,-1.613386530599999757e-01,-1.517443839200000311e-01,-1.432653808199999546e-01,-1.319154354999999834e-01,-1.244036865200000147e-01,-1.165843198800000091e-01,-1.110481260460000064e-01,-1.050630950779999628e-01,-9.907463083999999698e-02,-9.044479345999997810e-02,-7.774696345580001111e-02,-7.019905080940000430e-02,-6.888282768400000311e-02,-6.032272324999998075e-02,-5.797813400618002239e-02,-5.460342390779999999e-02,-5.738632207399998325e-02,-6.560432470000000793e-02,-6.726814223399998904e-02,-7.082199105999999189e-02,-7.479682899600000046e-02,-6.691905427959184138e-02,-6.717822864565217711e-02,-7.834683292391303455e-02,-7.458079129302325194e-02,-7.784689072380952812e-02,-2.561373334054054679e-02,2.022096599024391511e-02,7.311719020930235180e-02
-2.423718264000000455e-01,-2.574614716399999947e-01,-2.720436857999999902e-01,-2.809422299999999040e-01,-2.946483617999999804e-01,-2.990726477999999244e-01,-3.006159972000000957e-01,-2.983895118000000068e-01,-2.844599149999999521e-01,-2.771768951999998842e-01,-2.650670631999999527e-01,-2.653333277999999629e-01,-2.547958375999999636e-01,-2.457518770000000075e-01,-2.330632017999999528e-01,-2.308695979999999814e-01,-2.222324378000000433e-01,-2.139062503600000220e-01,-2.031640624399999595e-01,-2.012323755000000325e-01,-1.880004127399999558e-01,-1.853567505799999515e-01,-1.765975190800000150e-01,-1.741869350799999383e-01,-1.645523832000000408e-01,-1.615277857520000249e-01,-1.537386323440000091e-01,-1.425373843219999714e-01,-1.310054782565999165e-01,-1.126889803539999763e-01,-1.053443146294000404e-01,-9.972160339999999734e-02,-9.145912160560003279e-02,-8.503669770999998379e-02,-8.103393542219999857e-02,-8.326133707379998472e-02,-9.292846711420001127e-02,-9.019340536880003645e-02,-9.146919279399996772e-02,-9.023597718600001594e-02,-8.770036683333332084e-02,-9.022928354347821422e-02,-2.986097230416667400e-02,-8.973710756911110198e-02,-6.583094042790697820e-02,-3.077855940975610105e-02,5.129756553953487841e-02,6.169035243777776234e-02
-2.606703952999999685e-01,-2.752367400200000369e-01,-2.883501440000000304e-01,-3.083355711999999360e-01,-3.295619957999998961e-01,-3.378071589999999125e-01,-3.477349086000000034e-01,-3.503181458000000359e-01,-3.393791206000000282e-01,-3.253715508000000756e-01,-3.139281464000001076e-01,-3.160348507999999335e-01,-3.064550785999999860e-01,-2.996026607999999758e-01,-2.892491152000000731e-01,-2.874578862000000123e-01,-2.827003475999999571e-01,-2.722026825999998567e-01,-2.579698178000000008e-01,-2.522932437999999555e-01,-2.382546233199999974e-01,-2.365363312799999285e-01,-2.298719785599999399e-01,-2.302944949000000352e-01,-2.226488494199999890e-01,-2.245349120599999804e-01,-2.201430519200000269e-01,-2.057128900799999605e-01,-1.872573088899999738e-01,-1.723497772000001094e-01,-1.641071318579999661e-01,-1.553260042576000144e-01,-1.517290499220000366e-01,-1.449250032059999915e-01,-1.405641175280000210e-01,-1.380419163195999721e-01,-1.477423096739999830e-01,-1.455650331140000697e-01,-1.441679382357999861e-01,-1.388088989400000361e-01,-1.351682703387755147e-01,-1.173680900485106343e-01,-8.648551802127658894e-02,-6.813398342978721489e-02,-4.060736582500001218e-02,-1.914445769744184400e-02,3.994067845581394938e-02,5.933094000500002685e-02
-2.719488516799999922e-01,-2.877062994199999779e-01,-3.023017121600000134e-01,-3.248256674000000732e-01,-3.469751737999999808e-01,-3.598731991999999935e-01,-3.725643164000000396e-01,-3.724331666000000318e-01,-3.629918665999999905e-01,-3.508842460000001218e-01,-3.401185606000000083e-01,-3.434799196000000165e-01,-3.353578954000000500e-01,-3.279790495999999056e-01,-3.220053095999999559e-01,-3.210041811999999606e-01,-3.179243467999999240e-01,-3.098980715999999913e-01,-3.027851867999998836e-01,-2.975657660000000093e-01,-2.858596036000000673e-01,-2.900460058000000618e-01,-2.857225037400000778e-01,-2.898628234199999709e-01,-2.747299953599999789e-01,-2.777207949800000186e-01,-2.807614891200000407e-01,-2.683127594200001576e-01,-2.570726015000000531e-01,-2.459113311019999748e-01,-2.465346531599999780e-01,-2.439335625000000063e-01,-2.388915254200000560e-01,-2.323880768000000097e-01,-2.270504003000000381e-01,-2.268178558399999711e-01,-2.321851347339999871e-01,-2.248777767600000366e-01,-2.131709286799999548e-01,-2.055422726346938511e-01,-1.872920598571428397e-01,-1.504114891632652995e-01,-9.828224943265306823e-02,-7.406600352499999318e-02,-1.964480418186048336e-02,1.080167849047620511e-02,6.550083609302327636e-02,8.021764550851062658e-02
-2.838589476999999750e-01,-3.066729731399998604e-01,-3.203495026800001200e-01,-3.441201022999998416e-01,-3.650238040000000073e-01,-3.828179174000000407e-01,-4.008352656000000458e-01,-4.018946071999999758e-01,-3.991791534000001529e-01,-3.847093196000001547e-01,-3.780390162000001331e-01,-3.863829037999999549e-01,-3.804454040000000425e-01,-3.680796808000000309e-01,-3.660803982000000456e-01,-3.618558507999999341e-01,-3.707911683999999819e-01,-3.632009124000000200e-01,-3.519268799999998865e-01,-3.498613739999999472e-01,-3.408909599999999651e-01,-3.475130459999998811e-01,-3.471648408000000963e-01,-3.505863949999999951e-01,-3.466797629999999186e-01,-3.511286923999999421e-01,-3.528262335000001415e-01,-3.436953732600000477e-01,-3.361966704800000150e-01,-3.343457036759999723e-01,-3.368859106800001779e-01,-3.341073607800000844e-01,-3.331285097199999101e-01,-3.192990866800000105e-01,-3.102600098800000206e-01,-3.071199031999999884e-01,-3.067537685799999747e-01,-2.899340060600000268e-01,-2.664217380619999798e-01,-2.512736508599999752e-01,-2.335767161020408655e-01,-1.777384280874999833e-01,-1.161362010734693778e-01,-8.108448963729165959e-02,-1.806285805325582444e-02,2.152154580418605065e-02,1.106101822295454257e-01,1.313547051217391348e-01
-2.905156708800000764e-01,-3.192845162200000919e-01,-3.328967285400000753e-01,-3.590016931799999700e-01,-3.820102691999999744e-01,-4.029701991999998234e-01,-4.206618504000000924e-01,-4.198206333999998652e-01,-4.147751616000002195e-01,-4.032746125999999154e-01,-3.985639947999999322e-01,-4.116870113999999692e-01,-4.044464110000000057e-01,-3.956012723999999814e-01,-3.953568269000000135e-01,-3.893166346000000444e-01,-4.000127404000000664e-01,-3.939855956000000714e-01,-3.870748138000000282e-01,-3.861200712000000812e-01,-3.857424931999998696e-01,-3.919014741999998219e-01,-3.979972845999999453e-01,-3.971017450000000060e-01,-3.944973757999997721e-01,-3.982878881999999399e-01,-4.133054355999999374e-01,-4.071372230000001036e-01,-4.026740273400000181e-01,-4.053607944799999530e-01,-4.167004393799997874e-01,-4.077373502999998567e-01,-4.031421660999999768e-01,-3.851170340199999709e-01,-3.657994840399999004e-01,-3.621628569399999997e-01,-3.574948117999998121e-01,-3.361969757839999851e-01,-3.060921476798000307e-01,-2.880084225640000550e-01,-2.600812533199999832e-01,-2.004536440400000175e-01,-1.472296913799999996e-01,-1.073722076360000000e-01,-5.583151191666666652e-02,1.293977110416666583e-02,1.146563265353191252e-01,1.444313669653061183e-01
